2 0.20208333333333334 0.4216666666666667 0.0125 0.03
3 0.203125 0.43166666666666664 0.0125 0.04666666666666667
3 0.384375 0.35083333333333333 0.01875 0.051666666666666666
2 0.38958333333333334 0.3466666666666667 0.014583333333333334 0.03333333333333333
0 0.4515625 0.3616666666666667 0.019791666666666666 0.04
0 0.45208333333333334 0.36833333333333335 0.014583333333333334 0.02666666666666667
0 0.5583333333333333 0.43333333333333335 0.014583333333333334 0.023333333333333334
0 0.56875 0.4241666666666667 0.022916666666666665 0.051666666666666666
0 0.6177083333333333 0.4083333333333333 0.0125 0.02666666666666667
0 0.6208333333333333 0.4 0.014583333333333334 0.04666666666666667
