3 0.20208333333333334 0.3925 0.022916666666666665 0.065
3 0.20052083333333334 0.39 0.015625 0.043333333333333335
2 0.47552083333333334 0.3025 0.013541666666666667 0.03166666666666667
2 0.4786458333333333 0.31083333333333335 0.015625 0.041666666666666664
2 0.5427083333333333 0.30916666666666665 0.014583333333333334 0.04833333333333333
2 0.5453125 0.3075 0.015625 0.041666666666666664
2 0.6078125 0.31666666666666665 0.015625 0.043333333333333335
2 0.6098958333333333 0.31916666666666665 0.015625 0.045
2 0.734375 0.39416666666666667 0.016666666666666666 0.041666666666666664
2 0.734375 0.3958333333333333 0.014583333333333334 0.045
2 0.9119791666666667 0.3258333333333333 0.026041666666666668 0.08166666666666667
2 0.9151041666666667 0.32083333333333336 0.021875 0.065
