3 0.159375 0.43 0.0125 0.03
3 0.16458333333333333 0.43666666666666665 0.0125 0.04666666666666667
3 0.37083333333333335 0.3441666666666667 0.01875 0.051666666666666666
2 0.3723958333333333 0.3308333333333333 0.019791666666666666 0.03166666666666667
0 0.4473958333333333 0.345 0.019791666666666666 0.04666666666666667
0 0.4505208333333333 0.3541666666666667 0.019791666666666666 0.025
0 0.571875 0.42833333333333334 0.020833333333333332 0.02666666666666667
0 0.5770833333333333 0.41583333333333333 0.022916666666666665 0.058333333333333334
0 0.6473958333333333 0.39166666666666666 0.021875 0.06
0 0.6479166666666667 0.3983333333333333 0.020833333333333332 0.023333333333333334
